00000000000000000000000000000000
00000000000000000000000000000000
00000000000000011000000000000000
00000000000000121100000000000000
00000000000000121100000000000000
00000000000011111111000000000000
00000011001122222333110011000000
00000112112222322322331121100000
00000111122333423343331111100000
00000011223224333333433111000000
00000012232333333333443111000000
00000012333334433443143111000000
00000122333344444444341411100000
00000123233433111444444411100000
00011133243441224144441411111000
00122122434441224114144111144100
00111132233441441111414111111100
00011132333444111111441411111000
00000113334444411111141111100000
00000114334141411111414111100000
00000011414414144114111111000000
00000011141141414411411111000000
00000001111411411111111110000000
00000001111111111111111110000000
00000014111111111111111141000000
00000011111111111111111111000000
00000001100011111111000110000000
00000000000000114100000000000000
00000000000000114100000000000000
00000000000000011000000000000000
00000000000000000000000000000000
00000000000000000000000000000000